ointment 165776 136469 0.823213 0.260979 
pencil 59950 53947 0.899866 0.0504587 
pencil 57475 54883 0.954902 0.0526316 
pencil 57114 56027 0.980968 0.0568862 
pencil 52350 50772 0.969857 0.0477555 
pencil 57512 54150 0.941542 0.0545278 
pencil 66774 61753 0.924806 0.0575673 
pencil 62830 58555 0.931959 0.0592233 
pencil 59885 56327 0.940586 0.0581281 
pencil 65224 59686 0.915092 0.0589354 
pencil 58158 55977 0.962499 0.0501393 
ointment 204345 169682 0.83037 0.279532 
ointment 177156 151743 0.85655 0.278196 
ointment 197714 168406 0.851766 0.296206 
ointment 192888 154947 0.8033 0.269504 
ointment 212234 175142 0.82523 0.275941 
ointment 187636 169135 0.9014 0.317295 
ointment 209230 179238 0.856655 0.286885 
claritin 206976 118151 0.570844 0.598639 
claritin 183799 87227 0.474578 0.632653 
claritin 185013 98828 0.534168 0.613844 
claritin 196424 120125 0.61156 0.602452 
claritin 223488 134739 0.602891 0.659794 
claritin 190165 104775 0.550969 0.700576 
claritin 173000 90644 0.523954 0.692 
claritin 177480 86333 0.486438 0.682353 
claritin 193091 116030 0.600908 0.645338 
claritin 230124 141411 0.614499 0.630795 
claritin 225292 146360 0.649646 0.61755 
claritin 172128 91995 0.534457 0.719836 
notebook 432225 353989 0.818992 0.738562 
notebook 425923 359011 0.842901 0.712807 
notebook 402150 349033 0.867918 0.685378 
notebook 427880 321097 0.750437 0.740789 
notebook 329562 278610 0.845395 0.639276 
notebook 453040 395482 0.872951 0.692213 
notebook 464526 380273 0.818626 0.751908 
notebook 396970 334405 0.842394 0.70761 
notebook 449592 400742 0.891346 0.727735 
notebook 456620 382922 0.838601 0.731646 
notebook 487630 347054 0.711716 0.75062 
notebook 475348 342513 0.720552 0.767471 
spinner 188856 104464 0.553141 0.793033 
spinner 209836 114735 0.546784 0.832669 
spinner 170088 89767 0.527768 0.817982 
spinner 151864 89085 0.58661 0.708423 
spinner 211650 117682 0.556022 0.853414 
spinner 204336 106316 0.5203 0.913319 
spinner 169916 92636 0.545187 0.92757 
spinner 157250 83667 0.532064 0.870588 
spinner 123648 64802 0.524084 0.913043 
spinner 152570 87423 0.573003 0.873206 
spinner 168912 97524 0.577366 0.905093 
spinner 208593 116293 0.557512 0.932347 
